2.000000000000000042e-02 7.559748637413103989e-01
4.000000000000000083e-02 5.997105166775806850e-01
5.999999999999999778e-02 4.933173752793193478e-01
8.000000000000000167e-02 4.171957003082749638e-01
1.000000000000000056e-01 3.604981781994407997e-01
1.200000000000000094e-01 3.168602758470904224e-01
1.400000000000000133e-01 2.823549181451678325e-01
1.600000000000000033e-01 2.544516946799113555e-01
1.799999999999999933e-01 2.314580441662407451e-01
1.999999999999999833e-01 2.122046080388027278e-01
2.199999999999999734e-01 1.958604457631300255e-01
2.399999999999999634e-01 1.818203886008716852e-01
2.599999999999999534e-01 1.696340569296764800e-01
2.799999999999999711e-01 1.589597939102552759e-01
2.999999999999999889e-01 1.495339733289488271e-01
3.200000000000000067e-01 1.411500641361462249e-01
3.400000000000000244e-01 1.336440453983800958e-01
3.600000000000000422e-01 1.268840500315658870e-01
3.800000000000000600e-01 1.207628832314182055e-01
4.000000000000000777e-01 1.151925320049562163e-01
4.200000000000000955e-01 1.101000774504829333e-01
4.400000000000001132e-01 1.054246107384597536e-01
4.600000000000001310e-01 1.011148775489515705e-01
4.800000000000001488e-01 9.712745817183005004e-02
5.000000000000001110e-01 9.342534631078577845e-02
5.200000000000001288e-01 8.997682802763776189e-02
5.400000000000001465e-01 8.675458904124526416e-02
5.600000000000001643e-01 8.373499751441161598e-02
5.800000000000001821e-01 8.089752298944923037e-02
6.000000000000001998e-01 7.822426191245149263e-02
6.200000000000002176e-01 7.569954732889278004e-02
6.400000000000002354e-01 7.330962559991974214e-02
6.600000000000002531e-01 7.104238690716764559e-02
6.800000000000002709e-01 6.888713925405839933e-02
7.000000000000002887e-01 6.683441789541612332e-02
7.200000000000003064e-01 6.487582382238890610e-02
7.400000000000003242e-01 6.300388623146641054e-02
7.600000000000003419e-01 6.121194491335443105e-02
7.800000000000003597e-01 5.949404928190196729e-02
8.000000000000003775e-01 5.784487137858046468e-02
8.200000000000003952e-01 5.625963067392875799e-02
8.400000000000004130e-01 5.473402887366481118e-02
8.600000000000004308e-01 5.326419324625455282e-02
8.800000000000004485e-01 5.184662723762625131e-02
9.000000000000004663e-01 5.047816734039087261e-02
9.200000000000004841e-01 4.915594534933172277e-02
9.400000000000005018e-01 4.787735526972750760e-02
9.600000000000005196e-01 4.664002425623070547e-02
9.800000000000005373e-01 4.544178705218056974e-02
1.000000000000000444e+00 4.428066347603506342e-02
