5.000000000000000104e-03 9.139634012744088931e-01
1.000000000000000021e-02 8.409963327944626199e-01
1.499999999999999944e-02 7.784219326169844466e-01
2.000000000000000042e-02 7.242292869756662421e-01
2.500000000000000139e-02 6.768828110339373261e-01
2.999999999999999889e-02 6.351923951930449341e-01
3.500000000000000333e-02 5.982232013798008952e-01
4.000000000000000083e-02 5.652318729569965061e-01
4.499999999999999833e-02 5.356206785092899603e-01
5.000000000000000278e-02 5.089040471489434392e-01
5.500000000000000028e-02 4.846838052828215671e-01
5.999999999999999778e-02 4.626306156453829921e-01
6.500000000000000222e-02 4.424698988824790624e-01
7.000000000000000666e-02 4.239710367595757590e-01
7.499999999999999722e-02 4.069390067572064562e-01
8.000000000000000167e-02 3.912078383362666556e-01
8.500000000000000611e-02 3.766354483674832498e-01
8.999999999999999667e-02 3.630995309522880854e-01
9.500000000000000111e-02 3.504942607508789165e-01
1.000000000000000056e-01 3.387276293795959403e-01
1.049999999999999961e-01 3.277192784559341820e-01
1.100000000000000006e-01 3.173987252413447702e-01
1.150000000000000050e-01 3.077039008640490847e-01
1.199999999999999956e-01 2.985799391035512396e-01
1.250000000000000000e-01 2.899781673131570092e-01
1.300000000000000044e-01 2.818552614062914130e-01
1.350000000000000089e-01 2.741725347709413341e-01
1.400000000000000133e-01 2.668953371094072158e-01
1.449999999999999900e-01 2.599925439707461705e-01
1.499999999999999944e-01 2.534361214776235105e-01
1.549999999999999989e-01 2.472007536907780412e-01
1.600000000000000033e-01 2.412635223848744459e-01
1.650000000000000078e-01 2.356036308664429535e-01
1.700000000000000122e-01 2.302021649520756830e-01
1.750000000000000167e-01 2.250418854226555465e-01
1.799999999999999933e-01 2.201070472383756527e-01
1.849999999999999978e-01 2.153832415869780803e-01
1.900000000000000022e-01 2.108572574807923150e-01
1.950000000000000067e-01 2.065169601455924819e-01
2.000000000000000111e-01 2.023511838786070660e-01
2.050000000000000155e-01 1.983496374120723160e-01
2.099999999999999922e-01 1.945028201166968118e-01
2.149999999999999967e-01 1.908019476275991111e-01
2.200000000000000011e-01 1.872388856827401915e-01
2.250000000000000056e-01 1.838060911378633921e-01
2.300000000000000100e-01 1.804965592683707709e-01
2.350000000000000144e-01 1.773037765921550435e-01
2.399999999999999911e-01 1.742216785520438738e-01
2.449999999999999956e-01 1.712446114853792001e-01
2.500000000000000000e-01 1.683672983839276938e-01
2.550000000000000044e-01 1.655848080119350363e-01
2.600000000000000089e-01 1.628925270054761010e-01
2.650000000000000133e-01 1.602861346237409446e-01
2.700000000000000178e-01 1.577615798637756472e-01
2.750000000000000222e-01 1.553150606854551419e-01
2.800000000000000266e-01 1.529430051239542565e-01
2.850000000000000311e-01 1.506420540934050312e-01
2.899999999999999800e-01 1.484090457083780956e-01
2.949999999999999845e-01 1.462410009698006108e-01
2.999999999999999889e-01 1.441351106793522519e-01
3.049999999999999933e-01 1.420887234616011185e-01
3.099999999999999978e-01 1.400993347864870620e-01
3.150000000000000022e-01 1.381645768964586130e-01
3.200000000000000067e-01 1.362822095528531396e-01
3.250000000000000111e-01 1.344501115251799384e-01
3.300000000000000155e-01 1.326662727549479115e-01
3.350000000000000200e-01 1.309287871327531327e-01
3.400000000000000244e-01 1.292358458335910176e-01
3.450000000000000289e-01 1.275857311609036038e-01
3.500000000000000333e-01 1.259768108548026122e-01
3.549999999999999822e-01 1.244075328242836842e-01
3.599999999999999867e-01 1.228764202671580874e-01
3.649999999999999911e-01 1.213820671449059585e-01
3.699999999999999956e-01 1.199231339827704079e-01
3.750000000000000000e-01 1.184983439681954187e-01
3.800000000000000044e-01 1.171064793232066692e-01
3.850000000000000089e-01 1.157463779285725219e-01
3.900000000000000133e-01 1.144169301795929239e-01
3.950000000000000178e-01 1.131170760551769433e-01
4.000000000000000222e-01 1.118458023834933146e-01
4.050000000000000266e-01 1.106021402889542649e-01
4.100000000000000311e-01 1.093851628066133397e-01
4.150000000000000355e-01 1.081939826512617331e-01
4.199999999999999845e-01 1.070277501295892469e-01
4.249999999999999889e-01 1.058856511847599130e-01
4.299999999999999933e-01 1.047669055636434032e-01
4.349999999999999978e-01 1.036707650977509720e-01
4.400000000000000022e-01 1.025965120896603217e-01
4.450000000000000067e-01 1.015434577973815672e-01
4.500000000000000111e-01 1.005109410097245748e-01
4.550000000000000155e-01 9.949832670628289133e-02
4.600000000000000200e-01 9.850500479615215133e-02
4.650000000000000244e-01 9.753038892996701570e-02
4.700000000000000289e-01 9.657391538025676681e-02
4.750000000000000333e-01 9.563504198550794311e-02
4.799999999999999822e-01 9.471324715367443470e-02
4.849999999999999867e-01 9.380802892119714798e-02
4.899999999999999911e-01 9.291890406389230472e-02
4.949999999999999956e-01 9.204540725633801601e-02
5.000000000000000000e-01 9.118709027663773892e-02
5.050000000000000044e-01 9.034352125366813813e-02
5.100000000000000089e-01 8.951428395412880379e-02
5.150000000000000133e-01 8.869897710690355375e-02
5.200000000000000178e-01 8.789721376242334849e-02
5.250000000000000222e-01 8.710862068488223198e-02
5.300000000000000266e-01 8.633283777530907643e-02
5.350000000000000311e-01 8.556951752363822772e-02
5.400000000000000355e-01 8.481832448804878244e-02
5.450000000000000400e-01 8.407893479996389474e-02
5.500000000000000444e-01 8.335103569320577444e-02
5.550000000000000488e-01 8.263432505590884158e-02
5.600000000000000533e-01 8.192851100388351404e-02
5.650000000000000577e-01 8.123331147421172793e-02
5.700000000000000622e-01 8.054845383793329816e-02
5.750000000000000666e-01 7.987367453075962243e-02
5.799999999999999600e-01 7.920871870081708233e-02
5.849999999999999645e-01 7.855333987248884486e-02
5.899999999999999689e-01 7.790729962548147147e-02
5.949999999999999734e-01 7.727036728829815571e-02
5.999999999999999778e-01 7.664231964535273001e-02
6.049999999999999822e-01 7.602294065700468395e-02
6.099999999999999867e-01 7.541202119183969266e-02
6.149999999999999911e-01 7.480935877056309191e-02
6.199999999999999956e-01 7.421475732091040167e-02
6.250000000000000000e-01 7.362802694301434636e-02
6.300000000000000044e-01 7.304898368470333359e-02
6.350000000000000089e-01 7.247744932623489955e-02
6.400000000000000133e-01 7.191325117399832711e-02
6.450000000000000178e-01 7.135622186274642731e-02
6.500000000000000222e-01 7.080619916594324548e-02
6.550000000000000266e-01 7.026302581383617185e-02
6.600000000000000311e-01 6.972654931888466745e-02
6.650000000000000355e-01 6.919662180819700914e-02
6.700000000000000400e-01 6.867309986264762134e-02
6.750000000000000444e-01 6.815584436236325760e-02
6.800000000000000488e-01 6.764472033828533570e-02
6.850000000000000533e-01 6.713959682953078711e-02
6.900000000000000577e-01 6.664034674628772914e-02
6.950000000000000622e-01 6.614684673799861581e-02
7.000000000000000666e-01 6.565897706659404309e-02
7.049999999999999600e-01 6.517662148455449778e-02
7.099999999999999645e-01 6.469966711758751154e-02
7.149999999999999689e-01 6.422800435172039413e-02
7.199999999999999734e-01 6.376152672461718462e-02
7.249999999999999778e-01 6.330013082093843835e-02
7.299999999999999822e-01 6.284371617157322176e-02
7.349999999999999867e-01 6.239218515657801722e-02
7.399999999999999911e-01 6.194544291166906302e-02
7.449999999999999956e-01 6.150339723811857479e-02
7.500000000000000000e-01 6.106595851591579277e-02
7.550000000000000044e-01 6.063303962005783809e-02
7.600000000000000089e-01 6.020455583984335446e-02
7.650000000000000133e-01 5.978042480104715783e-02
7.700000000000000178e-01 5.936056639086090964e-02
7.750000000000000222e-01 5.894490268548800010e-02
7.800000000000000266e-01 5.853335788028894010e-02
7.850000000000000311e-01 5.812585822237561345e-02
7.900000000000000355e-01 5.772233194555872332e-02
7.950000000000000400e-01 5.732270920755703353e-02
8.000000000000000444e-01 5.692692202938107876e-02
8.050000000000000488e-01 5.653490423680706395e-02
8.100000000000000533e-01 5.614659140386154407e-02
8.150000000000000577e-01 5.576192079824020265e-02
8.200000000000000622e-01 5.538083132858773877e-02
8.250000000000000666e-01 5.500326349356883526e-02
8.300000000000000711e-01 5.462915933266292851e-02
8.349999999999999645e-01 5.425846237861934457e-02
8.399999999999999689e-01 5.389111761151019198e-02
8.449999999999999734e-01 5.352707141432381382e-02
8.499999999999999778e-01 5.316627153004058193e-02
8.549999999999999822e-01 5.280866702013796432e-02
8.599999999999999867e-01 5.245420822447317138e-02
8.649999999999999911e-01 5.210284672249287929e-02
8.699999999999999956e-01 5.175453529572270062e-02
8.750000000000000000e-01 5.140922789149087596e-02
8.800000000000000044e-01 5.106687958784120879e-02
8.850000000000000089e-01 5.072744655959460919e-02
8.900000000000000133e-01 5.039088604551669737e-02
8.950000000000000178e-01 5.005715631655422576e-02
9.000000000000000222e-01 4.972621664510213507e-02
9.050000000000000266e-01 4.939802727526473175e-02
9.100000000000000311e-01 4.907254939407749289e-02
9.150000000000000355e-01 4.874974510365538000e-02
9.200000000000000400e-01 4.842957739423591618e-02
9.250000000000000444e-01 4.811201011808612787e-02
9.300000000000000488e-01 4.779700796424413145e-02
9.350000000000000533e-01 4.748453643406616576e-02
9.400000000000000577e-01 4.717456181755199512e-02
9.450000000000000622e-01 4.686705117042241908e-02
9.500000000000000666e-01 4.656197229192337445e-02
9.550000000000000711e-01 4.625929370333131674e-02
9.599999999999999645e-01 4.595898462713763483e-02
9.649999999999999689e-01 4.566101496688844408e-02
9.699999999999999734e-01 4.536535528765775482e-02
9.749999999999999778e-01 4.507197679713329658e-02
9.799999999999999822e-01 4.478085132729466011e-02
9.849999999999999867e-01 4.449195131666385666e-02
9.899999999999999911e-01 4.420524979310905267e-02
9.949999999999999956e-01 4.392072035718415368e-02
1.000000000000000000e+00 4.363833716598557871e-02
